Epoch	AverageEpRet	StdEpRet	MaxEpRet	MinEpRet	AverageTestEpRet	StdTestEpRet	MaxTestEpRet	MinTestEpRet	EpLen	TestEpLen	TotalEnvInteracts	AverageQ1Vals	StdQ1Vals	MaxQ1Vals	MinQ1Vals	AverageQ2Vals	StdQ2Vals	MaxQ2Vals	MinQ2Vals	AverageLogPi	StdLogPi	MaxLogPi	MinLogPi	LossPi	LossQ	Time
1	-95.939705	22.495356	-48.641495	-120.83669	-121.64148	1.1515423	-119.667244	-122.474174	282.07144	42.2	3999	3.8218691	6.1856456	75.42425	-120.99036	3.8225975	6.302134	75.86873	-146.26642	-0.82704115	2.8695643	31.092865	-10.192629	-4.896485	13.704472	28.44572353363037
2	-89.25706	27.58805	-46.731667	-122.9475	-75.48542	4.764787	-70.64354	-83.713	349.0	1000.0	7999	39.875736	50.695328	331.49002	-183.11589	39.874626	50.725384	327.31308	-167.44286	1.7325919	3.7934773	33.4088	-13.432355	-42.440426	23.87657	71.78423285484314
3	-88.95427	32.762287	-47.51143	-147.15912	-55.641045	2.4161973	-52.30964	-59.49625	493.25	1000.0	11999	94.02666	66.12191	366.4465	-200.89725	94.02594	66.131874	361.40054	-219.36282	1.8562311	2.6017115	24.51015	-12.1391535	-96.73694	29.800758	115.4044291973114
4	-108.95407	18.286955	-54.715137	-155.15085	-112.22152	3.040701	-109.43987	-117.82787	204.27272	55.2	15999	128.7309	51.43544	319.77533	-244.08235	128.73116	51.436634	315.90207	-209.41187	1.5343709	2.7730718	25.553566	-12.155706	-130.93643	46.22419	154.16117215156555
5	-116.66709	5.734072	-107.035416	-129.37901	-116.84519	7.2184362	-106.68204	-125.77435	97.2	142.2	19999	139.05121	47.372173	278.8688	-553.98834	139.05492	47.365417	278.1553	-508.8488	2.118201	3.08262	52.43929	-11.795054	-141.18178	55.46589	193.14897418022156
6	-116.33607	17.428253	-42.013714	-146.92442	-116.935196	18.41522	-97.95157	-143.69565	149.21428	164.9	23999	129.135	64.104866	221.88779	-220.81511	129.13799	64.10759	217.4448	-230.4566	2.2187066	3.344423	52.302864	-13.376736	-130.88174	42.5454	232.438467502594
7	-107.997536	17.27146	-69.276825	-135.22205	-74.54768	0.97986615	-73.58244	-77.26551	222.73334	1000.0	27999	108.31621	69.319954	180.23555	-183.01402	108.3161	69.32529	179.80609	-193.51788	0.642421	3.0218797	26.953848	-13.447073	-109.4987	27.72987	276.55342173576355
8	-57.34712	2.8317862	-53.584396	-60.554188	-63.23516	36.63312	-21.637753	-120.53655	1000.0	720.0	31999	99.3304	62.92718	164.00812	-151.32611	99.329	62.9315	163.55508	-145.62274	0.38316116	3.0776868	22.24318	-15.405912	-100.68749	20.649399	319.08201146125793
9	-68.70823	27.296555	-51.719936	-122.990906	-31.380253	2.450269	-27.912876	-36.0949	828.6	1000.0	35999	92.65077	54.14413	145.09839	-139.70851	92.64981	54.148956	144.84358	-140.24242	-0.17325832	2.9924834	21.562052	-11.061205	-93.81917	14.602128	363.41811180114746
10	-49.773407	1.0105681	-48.074078	-50.66047	-20.576384	5.0466523	-12.759493	-26.934902	1000.0	1000.0	39999	84.51003	46.913174	126.856255	-142.08208	84.5089	46.91844	125.65281	-135.20773	-0.8074927	2.8348453	22.669416	-10.459904	-85.47222	10.411775	407.97937059402466
11	-48.921814	1.3263049	-47.95721	-51.182438	-31.244629	7.6452203	-22.146574	-48.73528	1000.0	1000.0	43999	75.22103	41.710846	109.85553	-155.44522	75.22058	41.713142	110.96654	-148.04582	-1.2400802	2.5476897	17.910608	-13.769257	-76.01901	7.490236	452.6578459739685
12	-50.34287	3.407299	-46.352	-55.771107	-120.45487	0.70309037	-118.57128	-121.35742	1000.0	72.2	47999	67.3843	37.29991	96.34795	-147.45721	67.38372	37.300724	95.739296	-146.8861	-1.4965289	2.3418279	19.06018	-10.237061	-68.105156	5.6200104	492.48859906196594
13	-80.53725	32.134357	-49.662537	-124.19068	-16.293741	3.2362332	-8.000636	-19.599987	604.4286	1000.0	51999	60.506725	34.965115	83.463875	-133.55281	60.50641	34.964493	84.85031	-134.72653	-1.7020447	2.0983222	19.411093	-12.5156555	-61.15325	4.9494767	538.5510060787201
14	-48.456436	1.1673255	-46.837765	-50.07275	-11.737443	1.6152667	-8.496072	-12.7165365	1000.0	1000.0	55999	55.1202	33.187748	77.66105	-123.5907	55.12017	33.18658	78.21424	-127.6489	-1.8093276	1.9791207	20.333248	-11.610464	-55.759937	4.6503787	585.1414515972137
15	-51.19105	3.180583	-48.451515	-56.59323	-10.662844	0.92786264	-8.606527	-11.872889	1000.0	1000.0	59999	51.183987	31.692524	71.742584	-121.48155	51.184326	31.690983	72.29307	-116.84299	-1.8318185	1.9714991	24.420334	-11.3128195	-51.83174	4.1301613	632.6585834026337
16	-47.551273	2.597254	-43.637287	-50.920364	-9.791689	0.1317122	-9.67111	-10.120763	1000.0	1000.0	63999	48.504204	29.924683	67.88022	-121.524796	48.50418	29.92346	67.959274	-117.37627	-1.9008121	1.924369	19.041508	-10.329175	-49.137512	3.4858732	681.9349291324615
17	-45.8989	0.9409874	-44.365482	-46.929077	-14.652323	1.5649813	-11.927776	-15.913721	1000.0	1000.0	67999	46.201393	28.834698	64.14396	-124.18821	46.20143	28.832352	64.08126	-111.46961	-1.953409	1.8796437	20.72042	-10.673865	-46.813267	3.1646018	733.9984102249146
18	-48.757042	1.162891	-46.857433	-50.00855	-12.717547	0.53947836	-11.35965	-13.19149	1000.0	1000.0	71999	44.5231	27.786242	61.180294	-118.57331	44.522663	27.784067	61.600548	-112.61542	-2.0052087	1.8179452	22.229692	-10.952658	-45.134235	2.8899443	789.6053261756897
19	-47.962997	1.2565871	-46.670406	-49.862564	-11.873918	0.31874323	-11.265365	-12.183181	1000.0	1000.0	75999	43.41389	26.596601	58.83487	-115.91356	43.4139	26.593723	59.561607	-120.66726	-2.058338	1.7619113	20.915432	-10.531771	-44.02691	2.622368	847.9676780700684
20	-46.238777	2.4884565	-43.094574	-49.48281	-10.793588	0.7272164	-10.352598	-12.298673	1000.0	1000.0	79999	42.561184	25.424973	57.44185	-150.30585	42.560825	25.423306	57.252117	-145.20107	-2.1203482	1.694454	20.099693	-11.550858	-43.16161	2.269942	908.6659693717957
21	-46.04518	1.2028399	-44.107174	-47.412037	-13.837543	0.64885765	-12.8171015	-14.354775	1000.0	1000.0	83999	41.99647	24.340397	55.946835	-123.34058	41.996723	24.33804	56.58315	-119.87392	-2.1281838	1.6749952	21.349743	-10.353769	-42.594917	1.987839	971.4980294704437
22	-48.33309	2.0583637	-46.242764	-51.60268	-10.151754	0.20193708	-9.763114	-10.389691	1000.0	1000.0	87999	41.565166	23.592964	54.777264	-113.562164	41.56513	23.590895	54.91703	-113.69952	-2.1443946	1.6774442	27.820522	-11.430509	-42.16302	1.8310876	1037.1583433151245
23	-45.49641	2.1108994	-42.067047	-47.815327	-11.343284	0.057410214	-11.263378	-11.4334755	1000.0	1000.0	91999	41.26257	23.278666	54.211998	-129.93884	41.262886	23.27734	54.39964	-120.96929	-2.1927433	1.5857275	22.445034	-10.029189	-41.84093	1.7371533	1105.3082919120789
24	-45.49189	2.466986	-41.938957	-48.80652	-10.592303	0.7377142	-9.670384	-11.604212	1000.0	1000.0	95999	40.891273	23.28862	53.647686	-118.34964	40.891758	23.286293	53.8271	-120.53079	-2.2067335	1.570549	24.114964	-10.197025	-41.481125	1.657791	1174.265916109085
25	-46.943497	0.9773831	-45.492466	-47.96476	-8.215298	0.43384022	-7.5108247	-8.650662	1000.0	1000.0	99999	40.796104	22.602064	53.505974	-120.42984	40.796577	22.600674	53.56262	-125.03407	-2.233363	1.5474522	21.28551	-11.423906	-41.381943	1.5759976	1244.5015041828156
26	-47.7054	1.1595446	-46.55918	-49.627277	-10.825229	0.107837774	-10.572492	-10.90788	1000.0	1000.0	103999	40.652954	22.365458	53.01656	-121.305725	40.65342	22.364595	53.365456	-119.3658	-2.2440286	1.538454	21.578194	-10.272906	-41.23182	1.5044043	1315.7587797641754
27	-47.610786	2.1934788	-44.357506	-50.535545	-9.51277	0.26138693	-8.963171	-9.864831	1000.0	1000.0	107999	40.72212	21.910055	52.599457	-132.34683	40.722435	21.908606	52.896915	-120.66795	-2.2772067	1.4739379	18.97584	-12.088153	-41.298084	1.3811646	1387.7410786151886
28	-47.38335	0.97769463	-46.12064	-48.863506	-8.896581	0.15145664	-8.621341	-9.081942	1000.0	1000.0	111999	40.861153	21.364393	52.981052	-124.61718	40.861095	21.363718	53.141384	-115.24269	-2.283745	1.4742564	22.528023	-10.635187	-41.444176	1.3698269	1460.2361192703247
29	-47.30961	1.1862522	-46.047398	-48.664967	-4.7333136	0.41497654	-4.034058	-5.319799	1000.0	1000.0	115999	41.01558	21.01833	52.489704	-122.39141	41.01575	21.016626	53.50729	-119.78556	-2.316092	1.400938	19.468538	-10.579578	-41.58363	1.2564118	1532.6554884910583
30	-44.489304	3.210974	-40.31332	-48.866604	-4.2689023	0.33395025	-3.6238024	-4.6712003	1000.0	1000.0	119999	41.20456	20.468298	52.48884	-133.19868	41.205063	20.46637	52.984837	-122.30773	-2.3215382	1.4191424	23.138107	-10.532673	-41.77806	1.255075	1605.193553686142
31	-46.82452	0.9206039	-45.881516	-48.34847	-8.398454	0.112430826	-8.225181	-8.535095	1000.0	1000.0	123999	41.305164	20.240831	52.783554	-121.34484	41.305622	20.240055	53.26961	-112.48937	-2.3456223	1.3470969	24.325642	-9.270483	-41.87008	1.181858	1678.4285843372345
32	-46.371506	1.4015214	-43.944157	-47.206528	-9.6964855	0.26274484	-9.4970045	-10.410966	1000.0	1000.0	127999	41.375744	19.96257	52.93875	-119.46515	41.376083	19.960693	52.758747	-114.50468	-2.3420846	1.3562435	19.751019	-9.428966	-41.944412	1.1363657	1751.6818919181824
33	-46.12818	1.9672632	-42.767117	-47.74578	-5.867234	0.4642216	-5.4028177	-6.6343307	1000.0	1000.0	131999	41.50809	19.673225	52.965702	-117.566154	41.50817	19.673552	53.056408	-112.28106	-2.3611286	1.3447953	20.316637	-13.30085	-42.075302	1.1137177	1825.3031084537506
34	-47.710747	2.2929142	-44.541008	-50.93198	-8.694986	0.05134449	-8.646357	-8.790719	1000.0	1000.0	135999	41.768784	19.087627	52.71644	-123.15999	41.769062	19.085821	52.592678	-132.92453	-2.3734288	1.3178265	21.764103	-9.730625	-42.336906	1.0499523	1899.1746201515198
35	-49.520233	2.091724	-46.120583	-51.82113	-8.316729	0.16565256	-8.178821	-8.7128315	1000.0	1000.0	139999	41.846546	19.128172	52.661568	-132.14316	41.846916	19.126743	52.302006	-111.51653	-2.384026	1.314474	20.698092	-9.573935	-42.408745	1.0613033	1973.7649416923523
36	-48.517815	0.744428	-47.545403	-49.552788	-9.679799	0.019410837	-9.648685	-9.715409	1000.0	1000.0	143999	42.044247	19.020847	52.692455	-114.8281	42.04466	19.019245	53.037308	-120.729904	-2.3955183	1.2995875	24.755428	-9.694343	-42.606556	1.0359275	2048.564603328705
37	-49.088287	2.024578	-46.967667	-52.40462	-8.114206	0.05171694	-7.98319	-8.176233	1000.0	1000.0	147999	42.169907	18.76177	52.72045	-114.72186	42.17043	18.759819	52.785725	-123.186676	-2.411018	1.2660277	23.511473	-9.932335	-42.735233	1.0442387	2123.873858690262
38	-48.16936	0.48270693	-47.338043	-48.499546	-9.285304	0.047596805	-9.199826	-9.361911	1000.0	1000.0	151999	42.29342	18.47546	53.09801	-126.228355	42.293743	18.474537	53.097183	-117.3902	-2.4107707	1.2772558	26.14599	-10.195051	-42.85142	1.082226	2199.560038805008
39	-48.426342	1.9652268	-46.356174	-50.617065	-8.045492	0.033420023	-7.9936414	-8.103926	1000.0	1000.0	155999	42.38565	18.328669	53.264347	-109.044136	42.386215	18.326788	53.203808	-110.92338	-2.4230363	1.2272594	20.78821	-10.370412	-42.936054	0.98439175	2275.7655968666077
40	-50.307056	4.516808	-46.969788	-58.083565	-5.569047	0.31483018	-4.917302	-5.9791303	1000.0	1000.0	159999	42.41529	18.356724	53.019028	-126.34877	42.41563	18.355427	53.025333	-123.782936	-2.4223206	1.2422587	22.095432	-11.805301	-42.969307	0.9891946	2353.1065423488617
41	-47.137047	1.7914419	-44.577625	-49.56604	-7.7034073	0.028837562	-7.6515927	-7.750333	1000.0	1000.0	163999	42.53076	18.263573	52.977425	-127.96249	42.53121	18.262232	52.71044	-132.85146	-2.43366	1.1953769	25.933655	-10.916015	-43.08056	1.0090431	2430.6097960472107
42	-46.055912	1.3884277	-44.21706	-48.090126	-7.9235487	1.0472566	-6.283158	-9.115056	1000.0	1000.0	167999	42.67126	18.049662	53.28595	-115.165726	42.67136	18.049057	52.917007	-115.00023	-2.437103	1.2197994	25.725544	-8.689095	-43.223755	0.97324437	2508.7858412265778
43	-45.08154	1.0916371	-43.89017	-46.81737	-7.9920516	0.10555428	-7.737549	-8.100042	1000.0	1000.0	171999	42.891975	17.496334	52.869778	-112.423454	42.89211	17.495905	52.742702	-112.64726	-2.4491997	1.2033294	29.693058	-10.407541	-43.443024	0.91510105	2587.270674943924
44	-47.35993	0.7305019	-46.330708	-48.31159	-8.242254	0.03330345	-8.19663	-8.308914	1000.0	1000.0	175999	42.998035	17.335958	52.666378	-113.2634	42.998035	17.33521	52.73131	-114.037094	-2.4488986	1.2087886	27.781216	-9.78768	-43.547436	0.8346759	2666.0216546058655
45	-46.97704	1.8863	-44.85728	-49.409138	-8.407292	0.2256413	-8.163683	-8.788883	1000.0	1000.0	179999	43.14583	17.128405	52.659515	-119.71814	43.146194	17.126493	52.92365	-116.15962	-2.4540906	1.1826591	22.161037	-10.146221	-43.696735	0.83622295	2745.3140366077423
46	-47.76838	1.7542107	-45.906742	-49.92199	-9.091768	0.026459975	-9.0560055	-9.125364	1000.0	1000.0	183999	43.249474	16.966911	52.532085	-115.56297	43.249683	16.966259	52.464333	-112.75739	-2.4661026	1.1446533	20.69894	-11.603117	-43.79632	0.7653943	2825.104421377182
47	-46.745205	1.5714686	-44.12202	-48.299286	-8.521464	0.12946858	-8.297309	-8.684949	1000.0	1000.0	187999	43.283524	17.151361	53.234573	-120.94965	43.283714	17.15055	52.886463	-117.580315	-2.4696088	1.1301019	26.537758	-9.587507	-43.826603	0.7921267	2905.4446787834167
48	-46.634666	1.6690145	-44.219383	-48.93736	-6.6223884	0.15150765	-6.350177	-6.8154964	1000.0	1000.0	191999	43.34888	17.222263	53.06254	-115.44714	43.34924	17.220354	53.206287	-114.75087	-2.4760911	1.1188735	19.697428	-11.767349	-43.89447	0.9018827	2986.1925842761993
49	-48.011433	1.1034021	-46.98205	-49.810604	-7.996643	0.026057206	-7.965149	-8.03864	1000.0	1000.0	195999	43.438534	17.18768	53.209427	-108.48056	43.43866	17.186392	53.299503	-109.93265	-2.4794407	1.0979673	22.7122	-10.055417	-43.97932	0.9219724	3067.132670402527
50	-49.63803	0.71713525	-48.89814	-50.64861	-7.754522	0.060889233	-7.6921377	-7.8691654	1000.0	1000.0	199999	43.564335	16.915497	53.69391	-135.75131	43.564484	16.914328	53.656525	-139.38997	-2.4762793	1.1305671	23.222866	-10.715974	-44.110924	0.89415485	3147.8330788612366
51	-45.100506	1.147028	-43.732044	-46.472168	-8.557209	0.019499805	-8.524855	-8.585207	1000.0	1000.0	203999	43.610867	16.86672	53.45039	-177.43921	43.611084	16.866535	53.411907	-172.1301	-2.4850676	1.0928409	27.809586	-11.848049	-44.149837	0.98062676	3229.257818698883
52	-48.538555	1.2206098	-46.465275	-49.619343	-7.943956	0.018956836	-7.90972	-7.9659095	1000.0	1000.0	207999	43.61596	16.816435	53.24619	-112.25275	43.616135	16.815163	53.28441	-111.54903	-2.482754	1.0999019	26.686256	-9.135905	-44.15325	0.97842455	3311.0436103343964
53	-47.621395	1.8345801	-45.57962	-50.588207	-7.123971	0.15932296	-6.959978	-7.39096	1000.0	1000.0	211999	43.824043	16.155434	53.27596	-121.18015	43.82395	16.155369	52.83317	-116.591385	-2.4910097	1.0982753	27.673412	-9.107894	-44.372173	0.84399164	3393.4866950511932
54	-46.06162	1.4769293	-43.70039	-47.7733	-8.158007	0.052306686	-8.080842	-8.221066	1000.0	1000.0	215999	43.908665	15.959305	53.164806	-129.39035	43.908787	15.957877	53.189606	-132.05066	-2.5048678	1.0523877	26.700203	-9.549508	-44.447456	0.7781191	3475.924612045288
55	-48.36845	1.8876188	-46.758957	-51.486473	-6.302268	0.07116859	-6.130142	-6.394973	1000.0	1000.0	219999	43.938305	16.131008	53.56899	-113.407715	43.938305	16.131329	53.07384	-121.6547	-2.4973493	1.0725577	25.808517	-10.64999	-44.47709	0.8574877	3558.7528731822968
56	-66.98509	34.525364	-46.16179	-126.77549	-7.337055	0.03802669	-7.2751546	-7.381466	961.75	1000.0	223999	44.064816	15.793136	53.476006	-120.192184	44.064926	15.791736	53.346027	-121.542984	-2.5053103	1.065745	34.69805	-10.133167	-44.61024	0.7759629	3641.802476644516
57	-47.769833	1.4811857	-45.76059	-49.905586	-5.3121147	0.02604632	-5.2724786	-5.349125	1000.0	1000.0	227999	44.05863	15.678547	53.876183	-121.22624	44.058544	15.679839	53.69671	-112.82754	-2.4995918	1.0526047	22.429394	-11.94526	-44.59875	1.0724833	3725.0774631500244
58	-48.388733	1.197703	-46.969738	-50.218307	-5.5320144	0.1723024	-5.35295	-5.838824	1000.0	1000.0	231999	44.1923	15.276889	53.79249	-113.275116	44.192314	15.275904	53.64049	-115.332275	-2.5194116	1.0139986	24.041569	-9.5431595	-44.72915	0.7892152	3808.3751940727234
59	-49.0257	1.1086112	-47.696606	-50.695908	-6.9126434	0.034099925	-6.8750987	-6.964746	1000.0	1000.0	235999	44.14421	15.594247	54.125275	-123.92615	44.144466	15.593715	53.98022	-121.91798	-2.511711	1.0408506	24.084513	-11.3647995	-44.68424	0.8389316	3892.4521028995514
60	-46.77838	0.86297196	-45.42598	-47.821163	-6.028842	0.1188165	-5.7615676	-6.1364474	1000.0	1000.0	239999	44.25082	15.416195	54.117935	-122.96807	44.251205	15.414714	53.833145	-125.50225	-2.5242052	1.0000949	22.146553	-9.005815	-44.78762	0.7601069	3976.215245962143
61	-46.69271	3.8674955	-40.636982	-50.99916	-3.9563587	0.09918216	-3.6975572	-4.104383	1000.0	1000.0	243999	44.208824	15.814628	54.302216	-117.82249	44.20924	15.812383	54.26746	-120.42763	-2.5166903	1.012484	22.45674	-8.4091625	-44.741524	0.84208596	4060.1430435180664
62	-47.533417	1.0759459	-46.409443	-49.305515	-6.4130583	0.1630754	-6.1775723	-6.753367	1000.0	1000.0	247999	44.40187	15.242118	53.59604	-119.889565	44.402184	15.240972	53.622585	-122.18606	-2.521078	1.0148996	22.377134	-10.707216	-44.937817	0.8165221	4144.183652877808
63	-46.917236	0.7320753	-46.256645	-48.1437	-3.7247505	0.1361738	-3.4456086	-3.91991	1000.0	1000.0	251999	44.50549	14.911287	54.34353	-110.7421	44.505726	14.910493	54.183563	-112.44337	-2.5300384	1.017016	23.796322	-8.798763	-45.049328	0.78231454	4228.365026712418
64	-47.165916	0.8275538	-46.0645	-48.202473	-5.3839617	0.10589856	-5.269145	-5.610503	1000.0	1000.0	255999	44.664955	14.283039	53.795975	-113.30623	44.66514	14.282437	54.046547	-109.98507	-2.5367808	1.0047203	29.158329	-9.52766	-45.205082	0.7057982	4312.924113512039
65	-46.995506	1.3697108	-45.289333	-49.10854	-3.7423484	0.123706356	-3.5064461	-3.9350147	1000.0	1000.0	259999	44.706547	14.135771	54.44742	-150.39006	44.70676	14.135063	54.0897	-140.05183	-2.5289276	1.042875	24.94524	-9.112126	-45.244507	1.0261308	4398.144799947739
66	-48.62358	1.6766936	-46.005913	-50.29849	-5.159301	0.023788052	-5.109631	-5.1967425	1000.0	1000.0	263999	44.79839	13.34466	53.67605	-118.052315	44.798393	13.34411	54.272938	-115.73777	-2.5302932	1.0589815	32.30916	-9.950346	-45.343742	0.73608625	4483.261490821838
67	-45.317444	1.0493687	-43.777397	-46.39777	-6.2520704	0.18393992	-6.017417	-6.42446	1000.0	1000.0	267999	44.89855	12.602507	53.548557	-133.03053	44.89875	12.602185	53.68171	-122.64591	-2.5315292	1.0444207	25.793524	-8.950384	-45.437717	0.90066797	4568.459034204483
68	-45.851814	0.9858244	-44.41781	-47.044918	-5.725428	0.00860692	-5.7012563	-5.733589	1000.0	1000.0	271999	44.989506	12.091326	53.904213	-121.15369	44.989635	12.090505	53.96227	-120.30997	-2.5349026	1.0323659	29.249321	-9.161709	-45.53245	0.63218945	4653.963205575943
69	-47.651226	0.97251755	-46.64467	-48.79008	-3.795692	0.12498721	-3.6289983	-3.9942214	1000.0	1000.0	275999	44.979816	12.176991	54.793888	-135.23761	44.979836	12.177713	54.69075	-130.45276	-2.534532	0.96945846	21.665447	-10.49556	-45.515522	0.75694823	4740.628523111343
70	-46.1294	0.6522247	-45.3867	-46.8485	-4.880035	1.033756	-2.7844713	-5.4285784	1000.0	1000.0	279999	44.910614	12.891136	55.27925	-121.3638	44.910694	12.890556	55.076954	-115.78421	-2.5397284	0.9683032	20.18719	-8.813587	-45.440098	0.6147816	4826.775472402573
71	-46.277863	1.2939541	-45.049477	-48.454678	-4.633437	0.05406086	-4.5786633	-4.724321	1000.0	1000.0	283999	44.874744	13.384783	54.032764	-118.99739	44.874874	13.38437	54.368034	-114.45081	-2.5274994	1.020332	28.628077	-9.74585	-45.413174	0.7557347	4913.667523860931
72	-47.564304	3.5782692	-42.903957	-52.87249	-4.239606	1.5354124	-2.58588	-6.9704175	1000.0	1000.0	287999	45.013454	12.812909	54.374847	-120.64534	45.01359	12.812309	54.425655	-115.83682	-2.535124	0.97659516	22.423223	-9.290707	-45.550148	0.64276785	4999.944876432419
73	-47.79499	1.1346934	-46.24433	-49.217167	-3.7155635	2.080961	-1.4575411	-6.3293076	1000.0	1000.0	291999	45.05814	12.998843	56.81254	-118.56714	45.058224	12.998973	55.368362	-112.97595	-2.534509	0.9799406	18.241522	-9.08965	-45.592255	0.55251366	5086.421271562576
74	-47.37231	2.1940434	-44.641926	-50.73451	-5.1108513	0.06966726	-4.994174	-5.192637	1000.0	1000.0	295999	45.054974	13.454375	56.836838	-115.90791	45.055	13.454113	55.47306	-116.45017	-2.542439	0.9555783	24.744259	-9.566613	-45.590492	0.65777826	5173.558441877365
75	-47.31389	0.9637217	-46.425076	-48.918766	-6.768466	0.23989774	-6.263446	-6.9401817	1000.0	1000.0	299999	45.185936	13.134277	59.76049	-116.62975	45.18609	13.133616	58.020065	-115.78955	-2.5433166	0.9719247	20.893436	-10.227762	-45.72675	0.5921067	5264.955553770065
76	-49.222256	1.8672494	-46.38774	-51.634758	-6.5437965	0.046367597	-6.4860964	-6.6140265	1000.0	1000.0	303999	45.222614	13.136789	63.767555	-115.13078	45.22275	13.136091	61.983543	-109.649414	-2.543168	1.0038502	27.93369	-9.869345	-45.76426	0.65785766	5353.788065195084
77	-45.817993	2.225462	-42.96702	-48.991917	-6.1604757	0.15102068	-5.90203	-6.369394	1000.0	1000.0	307999	45.30673	12.794925	63.393906	-156.6733	45.30668	12.794169	63.632156	-144.63742	-2.5444593	0.9704724	21.804886	-11.788228	-45.845734	0.59231275	5443.741257429123
78	-46.807354	2.6576262	-44.046898	-50.202736	-5.1894455	0.50632524	-4.0670347	-5.6297445	1000.0	1000.0	311999	45.34498	12.695319	61.851337	-146.24745	45.34494	12.694923	60.113556	-151.30678	-2.5486212	0.96087223	17.53781	-9.105074	-45.8826	0.5893601	5534.709072828293
79	-47.528236	1.2618821	-46.193344	-49.59684	-5.214235	0.033708345	-5.153584	-5.2824726	1000.0	1000.0	315999	45.427715	12.505496	63.76113	-125.06859	45.4279	12.505464	62.42575	-121.21999	-2.5543714	0.9483305	23.437208	-9.850172	-45.96408	0.531636	5626.755685806274
80	-44.74613	4.9393106	-37.92412	-51.205685	-5.779792	0.24866623	-5.5447083	-6.264627	1000.0	1000.0	319999	45.35066	13.056972	64.103325	-115.11095	45.35084	13.056042	64.5941	-113.6044	-2.5507736	0.9678666	20.587406	-9.573124	-45.884834	0.53223306	5717.830657243729
81	-47.054287	2.5727727	-44.54867	-50.803318	-6.9808397	0.11166584	-6.7344403	-7.150516	1000.0	1000.0	323999	45.370396	12.987158	64.27469	-119.695366	45.37052	12.986395	65.31199	-127.10016	-2.552762	0.9493953	24.831593	-8.744337	-45.90294	0.5978297	5811.034342765808
82	-45.957787	2.3578238	-42.494827	-48.63509	-6.497696	0.12667748	-6.328034	-6.712918	1000.0	1000.0	327999	45.40442	12.92098	68.39008	-114.66693	45.40456	12.920341	66.85783	-112.618835	-2.5606487	0.93522483	21.285557	-10.422984	-45.938316	0.6433215	5910.961182594299
83	-47.66036	1.5917728	-46.10943	-50.265915	-6.177331	0.08667567	-6.078966	-6.4109826	1000.0	1000.0	331999	45.40858	12.908923	69.92429	-125.379776	45.4085	12.909138	68.87094	-118.5771	-2.5596485	0.9517339	23.273865	-9.728883	-45.942585	0.5906916	6009.64267706871
84	-46.675724	1.0938963	-44.831047	-47.668972	-5.2771807	0.081653595	-5.067383	-5.3461986	1000.0	1000.0	335999	45.47063	12.814049	74.46613	-124.84999	45.47066	12.814021	73.497795	-123.76184	-2.5565841	0.9572923	24.101574	-8.557477	-46.007633	0.64299726	6107.231741428375
85	-48.30155	1.3835484	-46.991337	-50.550804	-5.72354	0.017464425	-5.6903076	-5.7497873	1000.0	1000.0	339999	45.53391	12.579854	77.42254	-118.9821	45.53387	12.579636	78.99015	-115.11704	-2.5607584	0.9276878	23.4247	-8.613429	-46.06737	0.64699733	6203.937922954559
86	-51.310383	5.0540633	-47.43323	-60.00174	-6.316881	0.045069445	-6.270709	-6.399148	1000.0	1000.0	343999	45.582996	12.403102	80.21266	-116.94513	45.582893	12.403306	80.33474	-115.467064	-2.5642707	0.9302763	20.389624	-8.644137	-46.121048	0.5726017	6303.20260477066
87	-46.923546	1.27802	-46.001316	-49.12574	-6.0084434	0.05672495	-5.8980536	-6.122555	1000.0	1000.0	347999	45.639164	12.335337	76.482254	-136.98134	45.63924	12.335238	78.44097	-140.10783	-2.5722282	0.90002966	22.207527	-8.58074	-46.175102	0.53681165	6403.079551696777
88	-45.67233	2.1436245	-42.081223	-47.319622	-4.767251	0.11767039	-4.6589246	-5.106975	1000.0	1000.0	351999	45.69098	12.161886	73.96658	-163.86319	45.691204	12.161188	73.969055	-156.36891	-2.572255	0.89342576	21.276592	-9.431125	-46.224464	0.5636712	6504.251899719238
89	-47.885963	1.3636122	-46.383774	-49.910965	-5.0802565	0.036916096	-5.033397	-5.174791	1000.0	1000.0	355999	45.73414	12.053223	71.48692	-138.99562	45.734295	12.052848	72.93042	-132.35617	-2.5695179	0.9088717	19.473412	-9.756163	-46.271286	0.5743108	6605.932045459747
90	-48.987465	1.9069229	-46.237064	-51.3559	-4.8634186	0.061562072	-4.726263	-4.958256	1000.0	1000.0	359999	45.801514	11.744571	66.78345	-147.10495	45.801666	11.742765	67.91685	-152.21762	-2.57181	0.9070716	27.20322	-9.47405	-46.339806	0.46905833	6705.968971967697
91	-67.83355	38.550198	-42.662792	-134.50972	-2.9776154	0.4730495	-2.1338801	-4.005923	984.75	1000.0	363999	45.72991	11.676952	61.566174	-155.5607	45.730225	11.674916	66.5362	-149.37965	-2.5759351	0.898337	23.15364	-9.353674	-46.2589	0.83006614	6807.839201927185
92	-47.789772	2.3658113	-45.837822	-51.66911	-4.8899164	0.69763696	-3.4583004	-5.2993193	1000.0	1000.0	367999	45.558777	12.3576975	54.148598	-131.29704	45.55896	12.356893	54.420887	-131.1998	-2.5760405	0.8675228	21.390787	-9.458487	-46.078472	0.5830277	6911.910043478012
93	-46.40813	1.1001356	-44.71962	-47.720264	-3.6290498	0.070019476	-3.548374	-3.7667015	1000.0	1000.0	371999	45.42233	12.761213	53.8027	-125.532875	45.42257	12.760412	54.44137	-121.82187	-2.5727847	0.8772882	25.141863	-8.89028	-45.947594	0.7313577	7015.51225066185
94	-46.386047	1.9932051	-42.935276	-47.595135	-3.9400985	0.5123419	-3.5470605	-5.1476817	1000.0	1000.0	375999	45.337303	12.764956	53.63357	-117.96306	45.33761	12.763202	53.463444	-118.51726	-2.5704916	0.8633144	23.871746	-9.96311	-45.854687	0.6610603	7119.842993021011
95	-47.751366	1.1266334	-46.306557	-48.988575	-5.7422285	0.5591216	-5.0113153	-6.424594	1000.0	1000.0	379999	45.284794	12.898482	53.610508	-120.13581	45.28505	12.896973	53.55381	-120.64504	-2.5689566	0.8684449	19.369585	-8.6348915	-45.806416	0.69537294	7224.135145902634
96	-65.76104	34.01494	-45.89404	-124.674736	-7.1659584	0.2673955	-6.6710887	-7.547117	956.25	1000.0	383999	45.28045	12.844805	53.63163	-108.837906	45.28053	12.845108	54.443924	-111.62489	-2.5720928	0.85462207	19.903456	-9.24517	-45.800564	0.63073534	7328.441413640976
97	-45.738228	0.30960572	-45.514812	-46.26495	-5.721055	0.062171765	-5.6313534	-5.8560076	1000.0	1000.0	387999	45.289196	12.836658	53.97174	-120.59076	45.28935	12.835365	54.286213	-116.19707	-2.5746505	0.85719955	17.953583	-10.016908	-45.81428	0.6979111	7430.918798923492
98	-48.00202	1.8622712	-45.906315	-50.712025	-5.425655	0.08177966	-5.308658	-5.592611	1000.0	1000.0	391999	45.36698	12.6666765	56.055607	-117.776535	45.3672	12.666515	54.143257	-111.39499	-2.5832324	0.85909855	25.033367	-8.712261	-45.89363	0.7035459	7535.31968832016
99	-46.544273	0.9706024	-45.06529	-47.673653	-6.1389933	0.043629795	-6.061031	-6.204491	1000.0	1000.0	395999	45.387566	12.624692	53.96685	-116.44832	45.38785	12.622147	53.643707	-117.662186	-2.5819185	0.8583921	24.714645	-8.34793	-45.91244	0.60683936	7639.045632839203
100	-49.21621	1.1935469	-47.790394	-51.094017	-1.8974937	0.7762138	-1.10052	-3.5413997	1000.0	1000.0	399999	45.485134	12.352465	54.185463	-123.52929	45.48522	12.351532	53.894615	-117.60965	-2.5791392	0.8857622	27.947071	-10.604079	-46.008892	0.5422078	7742.834587812424
